MJ5V

380.225

393.171

391.483
	MJ7V

198.837

196.867

198.837
	MJ5J

329.003

332.943

334.069
	MJ7J

156.34

159.154

159.998
	ME5V

204.184

201.37

203.622
	ME7V

211.22

209.813

212.346
	ME5J

266.101

273.419

274.544
	ME7J

304.236

310.428

292.416
	M5V

247.385

231.625

258.643
	M5J

283.41

290.727

267.649
	M7V

258.08

259.206

264.835
	M7J

208.547

218.116

218.679
	S5V

123.411

126.507

126.789
	S5J

149.022

148.459

150.711
	S7V

136.357

138.328

136.357
	S7J

129.322

136.076

133.543
	